
theta =

   0
   0
   0
   0
   0
   0
   0
   0
   0
   0
   0
   0
   0
   0
   0
   0
   0
   0
   0
   0
   0
   0
   0
   0
   0
   0
   0
   0
   0
   0
   0
   0
   0
   0
   0
   0
   0
   0
   0
   0
   0
   0
   0
   0
   0
   0
   0
   0
   0
   0
   0
   0
   0
   0
   0
   0
   0
   0
   0
   0
   0
   0
   0
   0
   0
   0
   0
   0
   0
   0
   0
   0
   0
   0
   0
   0
   0
   0
   0
   0
   0
   0
   0
   0
   0
   0
   0
   0
   0
   0
   0
   0
   0
   0
   0
   0
   0
   0
   0
   0
   0
   0
   0
   0
   0
   0
   0
   0
   0
   0
   0
   0
   0
   0
   0
   0
   0
   0
   0
   0
   0
   0
   0
   0
   0
   0
   0
   0
   0
   0
   0
   0
   0
   0
   0
   0
   0
   0
   0
   0
   0
   0
   0
   0
   0
   0
   0
   0
   0
   0
   0
   0
   0
   0
   0
   0
   0
   0
   0
   0
   0
   0
   0
   0
   0
   0
   0
   0
   0
   0
   0
   0
   0
   0
   0
   0
   0
   0
   0
   0
   0
   0
   0
   0
   0
   0
   0
   0
   0
   0
   0
   0
   0
   0
   0
   0
   0
   0
   0
   0
   0
   0
   0
   0
   0
   0
   0
   0
   0
   0
   0
   0
   0
   0
   0
   0
   0
   0
   0
   0
   0
   0
   0
   0
   0
   0
   0
   0
   0
   0
   0
   0
   0
   0
   0
   0
   0
   0
   0
   0
   0
   0
   0
   0
   0
   0
   0
   0
   0
   0
   0
   0
   0
   0
   0
   0
   0
   0
   0
   0
   0
   0
   0
   0
   0
   0
   0
   0
   0
   0
   0
   0
   0
   0
   0
   0
   0
   0
   0
   0
   0
   0
   0
   0
   0
   0
   0
   0
   0
   0
   0
   0
   0
   0
   0
   0
   0
   0
   0
   0
   0
   0
   0
   0
   0
   0
   0
   0
   0
   0
   0
   0
   0
   0
   0
   0
   0
   0
   0
   0
   0
   0
   0
   0
   0
   0
   0
   0
   0
   0
   0
   0
   0
   0
   0
   0
   0
   0
   0
   0
   0
   0
   0
   0
   0
   0
   0
   0
   0
   0
   0
   0
   0
   0
   0
   0
   0
   0
   0
   0
   0
   0
   0
   0
   0
   0
   0
   0
   0
   0
   0
   0
   0
   0
   0
   0
   0
   0
   0
   0
   0
   0
   0
   0
   0
   0
   0
   0
   0
   0
   0
   0
   0
   0
   0
   0
   0
   0
   0
   0
   0

theta =

   0.000000
   0.000000
   0.000000
  -0.000000
   0.000000
   0.000000
  -0.000016
  -0.000019
  -0.000010
  -0.000002
  -0.000005
  -0.000002
   0.000001
   0.000003
   0.000005
   0.000006
   0.000004
   0.000002
   0.000000
  -0.000000
   0.000000
  -0.000000
   0.000000
   0.000000
  -0.000000
   0.000003
  -0.000012
  -0.000078
  -0.000117
  -0.000091
  -0.000035
   0.000010
   0.000015
  -0.000006
  -0.000026
  -0.000036
  -0.000024
  -0.000006
   0.000005
   0.000001
   0.000000
   0.000000
  -0.000000
   0.000002
  -0.000028
  -0.000115
  -0.000278
  -0.000506
  -0.000661
  -0.000502
  -0.000217
  -0.000112
  -0.000058
  -0.000036
  -0.000158
  -0.000284
  -0.000267
  -0.000157
  -0.000050
   0.000002
  -0.000001
   0.000000
  -0.000001
  -0.000008
  -0.000099
  -0.000368
  -0.001134
  -0.001938
  -0.002436
  -0.002473
  -0.002566
  -0.003044
  -0.003255
  -0.003006
  -0.002858
  -0.002873
  -0.002294
  -0.001260
  -0.000435
  -0.000093
  -0.000018
   0.000000
  -0.000001
   0.000005
  -0.000141
  -0.001030
  -0.002925
  -0.005230
  -0.006979
  -0.008368
  -0.010298
  -0.011922
  -0.011221
  -0.008779
  -0.008570
  -0.009638
  -0.008530
  -0.005043
  -0.001736
  -0.000537
  -0.000115
  -0.000005
  -0.000012
   0.000108
  -0.000411
  -0.002716
  -0.007511
  -0.013260
  -0.017788
  -0.021817
  -0.025525
  -0.025462
  -0.020634
  -0.015556
  -0.014642
  -0.017433
  -0.018756
  -0.013988
  -0.005848
  -0.001857
  -0.000322
  -0.000010
  -0.000060
   0.000223
  -0.000739
  -0.005957
  -0.015899
  -0.025728
  -0.033260
  -0.038212
  -0.040522
  -0.036747
  -0.028158
  -0.020559
  -0.018335
  -0.022219
  -0.028476
  -0.026797
  -0.012636
  -0.003506
  -0.000495
  -0.000004
  -0.000115
   0.000251
  -0.002599
  -0.012549
  -0.027695
  -0.040443
  -0.046907
  -0.047538
  -0.045842
  -0.039844
  -0.031161
  -0.023393
  -0.021255
  -0.026445
  -0.037805
  -0.039957
  -0.019896
  -0.004748
  -0.000644
  -0.000006
  -0.000097
   0.000168
  -0.006104
  -0.021472
  -0.039827
  -0.050089
  -0.047843
  -0.042692
  -0.041160
  -0.039193
  -0.033878
  -0.025937
  -0.023278
  -0.031703
  -0.046565
  -0.048196
  -0.023506
  -0.004762
  -0.000714
   0.000003
  -0.000147
  -0.000356
  -0.010980
  -0.031728
  -0.049736
  -0.050792
  -0.039941
  -0.035002
  -0.039790
  -0.045238
  -0.040884
  -0.031051
  -0.029368
  -0.040259
  -0.053476
  -0.049996
  -0.023415
  -0.004626
  -0.000755
   0.000037
  -0.000443
  -0.001985
  -0.016709
  -0.041051
  -0.054090
  -0.046103
  -0.033622
  -0.033670
  -0.044626
  -0.052514
  -0.047559
  -0.038733
  -0.038172
  -0.047577
  -0.054569
  -0.044482
  -0.019677
  -0.004311
  -0.000698
   0.000076
  -0.000791
  -0.003659
  -0.019697
  -0.043160
  -0.053008
  -0.043880
  -0.034504
  -0.037342
  -0.049076
  -0.054714
  -0.048762
  -0.041404
  -0.041340
  -0.047383
  -0.047022
  -0.033184
  -0.013869
  -0.003421
  -0.000518
   0.000090
  -0.000975
  -0.004435
  -0.019266
  -0.038988
  -0.049378
  -0.044576
  -0.038714
  -0.041086
  -0.047676
  -0.049527
  -0.045207
  -0.039913
  -0.039410
  -0.039925
  -0.032749
  -0.020110
  -0.008143
  -0.002168
  -0.000311
   0.000069
  -0.000718
  -0.003511
  -0.015601
  -0.031590
  -0.042344
  -0.042621
  -0.038487
  -0.037293
  -0.037152
  -0.036465
  -0.035262
  -0.033424
  -0.031179
  -0.026411
  -0.018173
  -0.010158
  -0.004172
  -0.001049
  -0.000113
   0.000026
  -0.000332
  -0.001892
  -0.009965
  -0.021524
  -0.031388
  -0.034199
  -0.031304
  -0.027192
  -0.024811
  -0.025130
  -0.025423
  -0.023516
  -0.018924
  -0.013141
  -0.007475
  -0.004099
  -0.002050
  -0.000620
  -0.000048
   0.000003
  -0.000081
  -0.000679
  -0.004966
  -0.012056
  -0.018732
  -0.021203
  -0.018724
  -0.015578
  -0.015136
  -0.016072
  -0.015282
  -0.012052
  -0.007691
  -0.004041
  -0.001587
  -0.001041
  -0.000839
  -0.000324
  -0.000046
  -0.000001
   0.000020
  -0.000206
  -0.002583
  -0.006811
  -0.010248
  -0.010501
  -0.008519
  -0.007563
  -0.007984
  -0.008248
  -0.007000
  -0.004175
  -0.001517
  -0.000113
   0.000135
  -0.000158
  -0.000235
  -0.000102
  -0.000016
  -0.000000
   0.000016
  -0.000016
  -0.000867
  -0.002909
  -0.004353
  -0.003565
  -0.001936
  -0.001729
  -0.002157
  -0.002223
  -0.001579
  -0.000308
   0.000553
   0.000648
   0.000350
   0.000044
  -0.000031
  -0.000009
   0.000001
   0.000000
  -0.000000
   0.000012
  -0.000047
  -0.000527
  -0.001073
  -0.000672
  -0.000122
   0.000027
   0.000009
  -0.000043
   0.000099
   0.000307
   0.000252
   0.000152
   0.000063
   0.000021
   0.000002
   0.000001
   0.000000
   0.000000
  -0.000000
   0.000000
   0.000001
  -0.000039
  -0.000061
  -0.000014
   0.000002
  -0.000012
   0.000006
   0.000016
   0.000008
   0.000000
  -0.000030
  -0.000009
  -0.000013
  -0.000000
   0.000001
  -0.000000
   0.000000

Iteration     1 | Cost: 3.448901e-001